[[18.3786196, -65.83933379999999], [18.4302244, -65.8534974], [18.3789857, -65.7206559], [18.3724507, -65.7165511]]
[[18.3786196, -65.83933379999999], [18.381757, -65.7454489], [18.3383631, -65.8961971]]
[[18.3786196, -65.83933379999999], [18.3807819, -65.9573872]]
[[18.3786196, -65.83933379999999], [18.2283172, -65.8605236], [18.2722472, -65.87836]]
[[18.3786196, -65.83933379999999], [18.2182873, -65.788494]]
[[18.3786196, -65.83933379999999], [18.2330658, -65.87538719999999]]
[[18.3786196, -65.83933379999999], [18.3787639, -65.9008492], [18.3938145, -65.917008]]
[[18.3786196, -65.83933379999999], [18.2413134, -65.7401467]]
[[18.3786196, -65.83933379999999], [18.4329904, -65.87836], [18.428396, -65.835388], [18.3743944, -65.7871076]]
[[18.3786196, -65.83933379999999], [18.2666944, -65.9616058]]
[[18.3786196, -65.83933379999999], [18.352336, -66.00657799999999], [18.3922069, -65.88430559999999]]
[[18.3786196, -65.83933379999999], [18.2817498, -65.8976836]]
[[18.3786196, -65.83933379999999], [18.2263304, -65.8144495]]
