[[18.3612954, -66.1102957], [18.4444709, -66.2543293]]
[[18.3612954, -66.1102957], [18.4499472, -66.1815597], [18.4655394, -66.1057355]]
[[18.3612954, -66.1102957], [18.2603477, -66.035825], [18.2396651, -66.0716319]]
[[18.3612954, -66.1102957], [18.363209, -66.25704209999999]]
[[18.3612954, -66.1102957], [18.2387995, -66.035249]]
[[18.3612954, -66.1102957], [18.3807819, -65.9573872]]
[[18.3612954, -66.1102957], [18.349554, -66.2739058]]
[[18.3612954, -66.1102957], [18.2353224, -66.059736]]
[[18.3612954, -66.1102957], [18.3007861, -66.2448904]]
[[18.3612954, -66.1102957], [18.3882823, -66.2482237]]
[[18.3612954, -66.1102957], [18.4401982, -66.1192185]]
[[18.3612954, -66.1102957], [18.2566865, -66.0911392]]
[[18.3612954, -66.1102957], [18.3798064, -66.2188676], [18.4171697, -66.21738979999999]]
[[18.3612954, -66.1102957], [18.2535503, -66.06651889999999], [18.3957569, -66.1504497]]
[[18.3612954, -66.1102957], [18.352336, -66.00657799999999], [18.262543, -66.02230329999999]]
[[18.3612954, -66.1102957], [18.403563, -66.2515923]]
[[18.3612954, -66.1102957], [18.3995749, -66.2634928]]
